5570702
5892536
4762861
2149964
6843193
5898234
4625775
2639982
6468051
5087548
1960237
15001641
2873929
4946844
12592479
1569757
2625494
9088328
12360365
5241839
6782074
11613409
6850985
4178639
3074989
8093170
3731273
10430541
4098312
11492816
13568416
14324927
1925106
13887538
9925807
13427134
13837034
5719440
7334446
14496920
993441
5540113
15577527
9480243
10775335
16409114
7332780
2119061
9244795
11763750
1719470
1077751
2358338
2441076
10914929
4021282
1832690
9993286
1584379
7663262
6154132
9540150
15041118
4257331
244043
15599320
11049525
12505686
10882298
10630250
7383310
10546230
2523400
7379895
1744398
2135895
4576423
7933320
6704642
15739161
13541695
748816
14746141
2592966
520828
5623727
14315369
14204287
2114544
7779362
1598975
13682643
1501644
16584142
3849682
10721179
8957946
10756438
8863175
4188520
15632333
8484831
9649282
10276574
15919060
8216467
10128451
8292388
6585009
4654064
7970723
1423322
9619602
2535482
2797576
6169596
9603759
2454545
1684231
10189458
1878123
1992377
11992516
11519561
7457248
3605222
4534224
6396570
2079555
8748071
9516501
12226195
1134402
3213827
5599893
4834870
7682919
6788294
13706913
13846998
15646934
5058227
13467489
5986028
4946962
762592
3866786
5512104
15405072
4459369
16034872
11744157
2400975
4707314
7996592
1859055
678806
6186362
11413086
276919
4901991
4957827
8210552
14559625
1108122
7194700
2839074
15530112
9099612
7858325
1003690
4749218
5281195
5298351
4636772
5988112
12453288
13889584
2700230
13924630
1706078
12377219
11214998
14680837
10536649
1155281
1498141
16555666
6366889
4115546
2961775
16046961
11219648
3719751
10867433
13097439
14494797
10538565
2178577
9089315
3041819
904924
8569358
8248833
6151204
10826355
15479004
16325315
11478695
7254070
16223597
8884631
7269569
6157266
5615783
16556248
11904997
5825505
5146708
14910507
9625376
8869978
9836706
8362821
6733278
12988904
2285313
13305049
585190
2201140
13788823
10911547
2271866
4161908
2150317
4421119
14856947
10378339
14120645
7711302
2423012
14051528
13091371
6989650
11239585
7587611
12783643
11484258
6570536
4970403
15773833
3956010
13581226
1089916
11820798
8341693
7085474
2403418
2270896
5159221
6341093
1302475
4229228
8489508
11285335
15869344
14377614
15922817
3709406
3864297
326302
7593391
13602258
7468145
8606128
11261967
4834954
7479077
6949890
12323761
15655088
10236667
8801494
8210111
2894336
9349660
4936874
7199867
2326619
16168699
1672576
3729652
1434004
7101646
15727114
2890755
13188915
14227325
14621920
1440665
6518051
9255071
11001896
9962737
2050979
15028065
10407740
5595646
7967485
15419233
15032079
8687910
623179
15345560
1901116
13745966
4088123
5625885
14005934
2515784
15888097
16287108
3037196
7895339
11939047
9118662
16582377
221784
6581715
14375786
2075888
10601420
5729999
6851197
8719647
2012650
6162525
739923
6363172
4669067
5815638
7373721
10507216
2266880
3193881
13960801
13118614
11423249
1331760
8647703
9034923
15687449
3401393
13778928
7752060
2041806
11684439
15788201
7051451
1336450
886229
7615859
14110251
9405279
12105242
12364290
11156985
16091244
9167611
6103933
2979907
1184547
13430435
12503960
341226
11264228
14817823
3836390
5019295
14434988
15627730
3944060
16741530
5676578
15839756
13479532
7933699
9062263
12379325
10091397
6172329
14757970
11744338
7595713
8288277
413094
12328131
4149603
3680417
15517775
4512392
8979836
6143107
1865732
10358401
14601435
13667156
2331504
196078
2213573
6283237
8554548
6158727
5188300
2739334
3639264
2752012
13781822
8032603
3232059
11274033
6950191
11084426
1260692
14862965
12030213
9222986
13210699
9278064
12543411
9612593
5447031
5120826
8023102
2437964
10720520
3296759
9384506
535194
8016323
16579382
14205465
2920654
9867293
1624456
15470781
15444553
10674209
12988106
3062456
1246272
7556204
4429537
4307436
3750951
8126875
16447772
4800481
12569715
6765727
13467141
13413142
10228913
10889698
4864397
8089584
15964940
1184880
8704084
9580948
15272717
5247238
4371048
12430824
6937739
5263975
3799356
13345639
766280
16580632
2224495
11053341
8940522
1051757
7334643
2677282
13406832
2017230
15501935
6756440
4046154
8276708
10614018
458468
5791187
13442487
439139
14808553
15924904
1993649
13627913
6119293
10285580
12624384
6433100
2804620
11145497
418793
4557203
5267056
11687470
14779744
4688985
7081617
8294542
10503289
7963229
1612028
10009275
8039474
16128385
437814
1926033
14099351
13553888
11540445
9541546
4866380
15388444
13354901
16220161
5470785
6303112
10275048
14346293
15331481
8757667
1700895
4896063
467611
8162661
2922811
5398697
5076751
11562291
3070213
6184918
12153202
10409920
14700831
3229185
14015225
14927848
3374976
14806543
10642112
7053930
838735
16271982
16020791
1425587
6328164
9179242
6192737
1613339
1987281
4554152
8976750
10087872
16041707
9131139
14940132
568265
372751
2030375
9232574
13825296
3406882
1293407
1218988
10965833
11546446
5737495
14483467
5108058
15308253
6203277
7031098
10257182
14605894
3730992
12953689
8240348
2538418
8066855
11886570
3154119
9068528
12966976
4224342
12534566
1342929
5896494
12038377
7209080
9253702
14045326
7791512
1475210
9758515
9222963
4514487
14834312
11442972
2278637
3009940
5627211
14110211
7464911
4636674
15385730
12996023
8482717
1393640
14205470
14960566
6948329
1593624
10097439
9354333
10135504
539381
8096543
5793719
3691587
13692113
14572064
10558586
4306942
6241635
10664412
5923094
9129799
11205936
1932879
4154772
16084937
4356240
7171718
8733988
4469396
11661697
10780039
12136619
1557173
15043965
8921069
9595502
16046920
5883223
10596392
13684546
6663264
3954241
2699613
9308404
13931387
6791450
13555402
14420399
14315142
5784972
10685182
14273059
3302134
13133446
16565900
5750248
14616705
5016404
9752780
7695449
5932177
11237594
13366754
5443947
5014407
12648224
2997197
13314952
14455616
1162770
3345203
5116547
14899813
13948435
2846871
15196606
13428035
11842528
6479406
3178112
4841191
3563576
5338561
15713307
14901117
13205709
6429735
8121370
12520122
6843935
10429548
11289102
2018923
7874356
2355046
5427885
8299763
8426834
6689894
6151763
11634095
9268598
5679285
9031788
12259585
4411313
6495519
3267218
1092279
1092647
2718225
15739720
16545612
14018378
7441390
7815186
15540856
10190981
1888476
13619628
13910819
12338595
16066532
2568556
4693428
10772231
12176740
14555585
8990045
11408154
2359973
5866149
9614030
11153226
6599977
2828126
14366271
6887515
6483330
2381475
7362464
7370797
11275430
15350355
9702660
3180912
11317597
9695839
7430493
1519721
11289880
13316167
2059953
16500622
6217593
11999178
11662312
12256615
10131972
16727738
3146098
15023125
2308309
3541964
7404973
15914928
6216165
6443895
16653644
4797653
14827814
7793732
14745707
15813042
5334242
15180553
7261765
10559284
4889108
5319809
2063095
12421946
6859734
439915
1451991
13575455
4274902
14413845
2116456
2951507
16509344
14336667
179421
11994232
556990
8228216
5985459
10508280
16756734
12467779
12499637
13172470
16344288
1295191
14194219
13011012
274653
3965717
246241
849409
13043299
16653586
3651300
9907081
9497721
10670616
4137420
10365863
15513765
16163902
5884533
15368445
9411623
2706309
3971334
9549609
10006976
9195174
5556245
14858602
184606
13849700
12986020
2654513
9721238
15899063
5886098
2152845
3788335
12942743
6673669
3117364
14138623
15365552
5632786
9539974
14459562
14502271
1749435
4496157
6817836
7865506
4629552
4480280
5471342
6760162
1860047
3346880
10187755
13943439
3378774
1011218
427619
4366656
10022168
9013282
11206872
3698081
2672106
9125790
12875847
16130125
9336565
13099302
4309790
14317287
8568630
474828
15940658
2922920
14984713
2536104
2992364
7464317
6334352
6402597
8502680
5132686
3110989
1660569
13675811
3827600
521919
915339
12457272
10105005
7679015
3697181
12583804
14601767
11219225
4672824
16110796
5197503
13812424
16511032
1495702
14246434
1173070
13346858
5715159
8395552
12348297
3076904
8357943
2187856
1768547
890812
874086
16385545
2024327
8279262
9812789
15371289
9193951
11658187
12692021
10466973
13533236
16483507
1631801
11784598
15820181
618527
9494007
14201709
1980195
8521184
14159346
13717905
12674583
6421873
4091959
2878631
9470142
3020743
11640019
14108495
11013704
2006492
2570909
6082717
7171888
5727892
10446325
6027672
2398212
6103027
9232887
6716616
14990896
2519111
3463240
14660068
6484323
12210526
928493
2635512
5766135
1064885
16315031
7435802
11785361
11126594
14987689
14132187
7747349
2114688
15892623
14655693
11969965
2414643
6517341
5908878
11917413
13722788
6262876
12092774
13989306
7315732
3731457
13342300
15498194
11397522
1239034
11734813
9694486
11422619
11638304
4619600
9811514
9674872
3770585
14531396
10171250
12606166
13316624
2540514
13681184
14052015
1902566
12677291
8859332
12681070
14880638
3708228
14420070
14782700
8497057
7833520
14591555
2056962
6382482
13851043
5793237
749876
10926423
1234894
13629894
12711771
16269732
3238113
7661990
11506981
6738458
11981087
12530087
6431690
6312895
6158872
14062802
9233307
16504725
8096188
16002699
4139135
1573099
12274296
12213589
5011016
1232984
6830183
4502551
1293595
12487302
5840822
11691061
1810750
2144953
1365873
12578062
16567635
13105555
4432828
3401844
16052217
554213
14523447
4709073
6734834
10646608
12984509
15207612
13910272
11270202
2593082
15132091
13341169
9028608
8937054
12976367
11910813
12374411
14348842
15628125
6360341
15495726
10504740
10325095
12728510
6346601
5237463
12397322
2285236
16315491
2502341
348438
7166341
5809931
9767800
4830398
14092570
3595397
1574811
4746058
7820194
5859311
9053741
11084240
263982
4715492
3962582
3231053
4325096
11976152
5528369
14125673
5617610
14911024
4951712
6152604
10804555
4499515
5298842
5353039
11576182
11858243
11990751
1776119
14432181
3364287
6509601
2640614
1423580
6409758
8520375
10755325
11495376
1747433
1519321
11090937
1268173
5093097
13042321
16465817
2455878
12475021
4289595
11709495
9928710
10734943
2066605
8708852
8753811
2105896
12376962
5881323
15064737
1881210
7827478
15346482
5901021
5475248
4821932
11806696
9450087
8564664
14696189
216742
5355510
4215822
13716518
2573856
2519261
9243104
8779586
9369807
13423876
12928196
4951417
11079911
2110285
9421979
3248457
3663810
13494243
246509
11056374
5787999
2791582
12771777
15087312
2983507
10043588
8394024
12769212
10435844
10479179
7558827
8183017
7983272
5182760
11115159
11629330
4351452
8285748
190846
9311689
3951738
445611
11981949
11215225
10199097
8432813
16373674
15457433
8735172
12311479
4144036
9538916
7021210
7417730
8598684
7124722
916496
9141684
1204773
1543175
11188122
14918725
6123236
15782197
5195818
2672045
10017192
14527514
16473461
12806582
5593521
12760158
4480362
10473990
14663099
1086996
7152139
863625
6649876
7724438
6380894
11367748
10983779
9198770
7171575
1867094
1251005
3266834
2060294
11950978
5940856
7097923
2966691
12697359
8454334
11570052
14855773
12425611
8723694
6682789
10175192
574119
9718531
2231999
13846646
2533430
8023970
9167706
13916368
4590688
15389185
15200186
11286490
1709061
1960918
2032804
12607545
12653673
16028761
8172958
8563316
14327452
7485407
3745810
5554733
7603749
7148771
10445583
138676
668947
7578938
14311025
16213146
16647921
8019438
13048921
7855414
979897
13840785
1712251
4131346
2996642
6692628
16205482
14631841
10908996
13461978
4329293
4338309
7770517
4238984
937487
13154296
5955858
14625312
7483121
12476124
3052951
2455079
5425491
16510235
3641711
5139487
6494464
3628274
15691892
12878909
4189301
8938685
16040056
10288703
2225847
2946283
14621298
12031816
6759392
13214327
15626156
12719133
1708920
14742624
263314
10750880
15551499
841546
14857128
10889513
1215005
13510494
14187476
12226914
6701749
3414333
11186985
12232075
11268354
6705841
14088273
2195561
8357991
1275480
6290896
13901014
9828934
10991231
866682
13828040
14570077
15228344
6382797
2414005
13614871
7209898
9596478
5571985
4769435
12580091
14890204
3248423
6479493
5308910
14759282
14316363
7677242
6224825
6723261
16138085
5749188
9070659
4128822
2245360
3038133
11917897
7925925
13858830
1698122
3841149
12275122
15325137
10872912
14378133
13134001
12985025
2590635
16462490
5657833
3675713
11734353
12891437
4201973
10536103
10363060
15079372
10223359
12837978
2825512
4477021
5460772
3104552
4781208
9394347
4821418
13510069
10232392
16677505
6331236
16626509
11260082
15295894
15734575
5448585
11423429
7231564
16719711
7607551
2883763
8559546
10186403
15311336
8485237
2558800
13256205
16564396
5622974
12496058
12319945
3580572
15759288
3901545
15954521
14212479
6855237
10699385
7943000
4195677
416915
12018015
7740441
9502144
7477039
13168636
10195439
10081502
8752972
12199530
4214894
7800432
10606615
1582051
14377350
1580908
8930611
1859553
826145
12775122
2524200
1139834
6699182
13351317
12661698
1076165
16547824
9879524
5376622
8167631
10769500
13056167
8538565
11585131
3014770
1221492
16346650
8705502
6422176
5034593
10348461
15233281
10039439
15182315
9992341
5876284
3971588
10067643
15165636
12534817
12488985
5584229
4067804
14808646
5141989
5175322
9033829
12126269
4967833
766007
7020805
422485
10636687
3630537
4286446
8988946
14979027
14769275
10201187
8452067
12271988
15309857
7971725
378089
1335573
4039105
10900009
8578606
276272
16100653
5209501
16757718
10684116
13387134
2872331
10374736
7592649
7242796
11866552
7335616
12873136
3961438
15561137
15961656
2947284
10892751
7698993
15038816
4590429
7428607
5928828
16643492
15177446
9473673
2964509
6921719
15443335
9671763
6015105
10744683
8916238
10655705
3778457
4777220
565559
11609889
8031266
15080762
15495338
7834839
5313393
9682589
10445768
15882205
6138171
13248298
7593568
6022644
8983788
11292350
10478586
9376097
14224965
13210670
3448458
13615931
12631495
5060926
8474409
4570801
5883743
8883168
1162458
10292212
11371557
6268329
10525751
590676
10392752
3921303
4880788
7412233
4833687
16055993
8981305
10203511
14816510
12352597
15595533
3651328
503784
11349168
14149229
6407512
14658039
15602295
1424343
3772395
16085974
14562633
5922440
3540279
10288398
12447670
2745178
14095663
16392046
542586
2298341
4860995
11107668
14817122
695325
3144308
5021479
15811792
3584936
2440902
2183245
374879
14092957
3750561
12729983
5166476
5266777
7916809
14811412
16346079
10276087
1286972
14342695
8650836
14310150
6586918
7518919
5733200
15490341
15825422
15396746
13572512
1947515
12149589
5246122
10520958
11003184
14077796
12550855
15116977
13988760
6396891
15341541
1834597
14783759
9535179
12668367
11119419
5646673
8821028
2070605
4425898
12597131
13221789
13227216
10949773
1826919
4297281
9861923
12315456
13148401
13006410
16504231
10645618
10621031
10247499
12036151
11608366
12492764
5453473
6099308
8819064
15413489
7318739
7422805
6071537
10900964
13178641
6007008
11083248
10342112
3569409
12778867
12213370
15813503
9245732
4009426
10945102
6218332
4087660
462467
4017739
3092448
4641576
992565
9124656
3020631
13534298
10232401
9492374
12256029
3478085
14679817
8041162
843663
10028924
5432425
9674493
4220529
7603201
1737429
9906410
3963547
10621372
10807392
13169362
9567187
9909097
16668864
5916758
12035600
2419010
16280956
12297566
12393416
2514391
1224978
3483586
5266758
4257867
3337745
707889
11056552
9367197
6427964
15302674
16577998
3889898
2198682
15799021
10546211
16021635
14034708
11197738
10615591
15839568
16663013
11561352
11857252
11642980
4422762
11205132
5075378
11176887
9253189
930192
6595462
14465998
3595959
10572917
10788486
13290643
6601019
973651
9578424
3966467
12320760
5427133
12916501
2741526
13547642
15343495
2056149
14384434
9842548
981554
2666822
9582515
12718260
