0:
###
.#.
###

1:
###
#..
###

2:
###
##.
.##

3:
..#
###
###

4:
.##
##.
#..

5:
###
##.
#..

43x41: 49 47 49 37 42 47
35x47: 49 45 34 39 43 44
45x41: 28 41 28 35 40 23
45x47: 51 47 56 51 62 62
39x47: 28 38 34 33 25 36
37x49: 41 47 44 41 45 63
37x45: 34 34 42 52 43 53
50x43: 57 53 56 57 56 52
49x36: 33 32 28 43 27 29
49x49: 41 47 35 38 41 53
41x41: 34 32 21 29 24 28
44x50: 64 55 59 53 45 60
42x47: 51 57 48 46 56 47
37x36: 22 24 27 18 23 30
50x45: 38 38 40 40 51 33
35x41: 25 24 30 25 13 26
49x50: 51 40 46 35 43 41
40x37: 33 35 45 40 40 35
43x41: 26 22 40 31 33 29
49x50: 72 62 74 58 53 54
48x40: 27 30 39 41 29 42
39x47: 43 43 48 50 47 52
37x43: 35 45 53 35 40 36
46x38: 38 21 33 27 33 27
50x35: 47 41 38 49 61 37
39x48: 57 36 53 54 41 45
37x36: 28 33 40 40 26 36
42x45: 55 48 46 47 49 46
49x37: 25 24 39 40 33 30
35x46: 43 48 44 36 47 30
35x49: 27 34 25 28 30 32
43x37: 36 44 47 42 40 35
50x49: 78 57 63 54 62 63
42x42: 58 34 51 42 39 46
40x40: 52 31 36 43 43 42
35x44: 37 35 49 35 29 51
44x45: 63 48 54 34 52 55
46x43: 41 35 26 36 36 36
44x45: 32 37 29 43 35 34
44x50: 34 34 38 48 33 37
48x48: 66 60 56 52 59 62
43x45: 44 57 45 46 60 49
41x39: 51 34 44 41 33 41
40x48: 37 37 28 37 35 34
43x35: 32 39 43 39 31 47
46x39: 47 46 40 52 46 45
42x36: 28 32 29 28 26 25
46x41: 32 35 31 34 35 27
45x37: 30 18 32 39 31 30
44x41: 49 37 41 55 55 43
40x50: 29 42 31 34 37 34
50x35: 40 47 54 41 39 47
38x50: 30 36 29 33 30 33
38x45: 48 52 53 34 47 28
39x44: 39 52 59 29 39 45
36x50: 31 35 28 34 32 32
45x37: 52 35 42 39 38 50
46x48: 39 44 32 44 37 43
35x46: 51 37 39 43 45 33
44x38: 47 39 40 46 39 46
45x39: 32 40 26 34 22 40
40x42: 30 30 31 26 37 27
49x40: 48 62 38 57 50 46
38x38: 35 44 44 38 30 28
41x50: 39 36 34 28 37 34
37x45: 38 51 45 44 35 41
46x35: 33 34 22 19 26 30
41x36: 33 33 52 28 49 35
39x48: 38 32 33 28 41 36
44x39: 26 27 22 36 38 33
39x39: 27 28 23 31 30 29
50x37: 42 57 47 40 50 50
49x37: 45 47 58 45 36 45
48x49: 43 56 38 37 43 39
43x48: 53 52 41 61 50 61
39x38: 33 38 36 47 44 31
49x41: 52 55 45 50 46 61
44x43: 30 34 30 32 37 33
39x50: 52 54 38 62 47 46
50x37: 28 38 30 31 33 32
41x44: 36 28 33 37 22 25
46x50: 44 76 61 62 60 50
35x47: 31 34 30 24 33 13
39x49: 25 36 34 32 40 40
40x50: 32 32 30 35 39 39
42x40: 43 47 61 34 34 36
47x45: 59 54 52 51 48 61
38x38: 24 20 20 16 30 34
39x44: 29 29 30 27 28 38
39x40: 21 20 27 35 32 34
46x44: 60 57 51 49 44 48
39x45: 38 26 35 27 39 30
45x37: 35 28 42 29 28 18
40x45: 37 34 28 31 29 35
40x44: 38 43 45 56 45 44
45x39: 48 44 29 43 50 60
38x38: 17 22 18 26 29 31
50x49: 49 47 38 45 38 39
50x43: 38 32 34 43 43 34
50x43: 40 39 33 28 37 46
47x43: 49 50 53 54 43 61
41x48: 54 58 50 36 58 49
38x35: 38 30 35 29 37 37
45x37: 40 45 40 37 50 47
44x45: 43 48 59 48 51 57
39x49: 51 51 40 42 52 61
39x47: 54 45 35 43 47 60
48x36: 26 39 33 30 33 30
40x37: 30 35 36 35 63 36
47x38: 34 21 29 31 28 37
45x39: 36 39 46 45 60 49
44x50: 55 60 66 52 48 55
46x40: 53 51 47 50 40 39
47x43: 53 47 41 52 55 66
47x49: 46 49 39 37 36 33
38x46: 46 43 41 50 49 41
43x49: 29 38 41 30 42 44
42x35: 25 25 25 24 32 22
49x47: 67 61 55 50 71 53
39x43: 40 49 55 31 31 50
47x47: 44 44 38 40 29 30
39x38: 28 48 37 37 41 38
38x49: 54 52 46 44 54 37
45x42: 52 46 39 47 50 59
45x37: 31 27 33 25 32 31
41x45: 18 35 24 41 35 41
49x35: 45 46 47 36 58 35
35x43: 15 32 19 26 29 33
37x48: 23 46 25 30 35 33
41x44: 48 45 46 46 35 56
36x36: 34 49 23 25 45 26
46x43: 36 34 27 33 37 42
39x36: 32 34 42 29 39 42
44x41: 44 49 37 52 50 47
41x41: 35 51 39 51 40 42
44x37: 34 39 49 49 40 39
36x35: 34 24 29 36 38 35
37x49: 45 59 38 44 50 44
39x36: 38 44 37 31 33 32
43x39: 33 32 21 31 30 34
49x49: 58 76 71 63 54 43
42x49: 41 39 24 44 34 41
49x38: 43 45 51 46 60 45
49x49: 44 42 41 38 52 38
49x44: 58 46 57 57 64 52
36x39: 22 28 31 22 28 24
49x44: 57 57 52 56 61 50
50x48: 58 59 66 65 53 67
45x36: 35 26 30 29 24 35
49x43: 30 36 40 44 38 36
40x49: 34 41 33 35 33 31
35x46: 36 31 37 53 50 44
50x45: 70 61 53 59 49 51
40x46: 47 60 36 40 58 45
40x48: 45 46 52 47 51 56
36x49: 33 39 31 29 31 29
38x42: 43 41 40 41 32 47
42x48: 35 42 34 31 45 36
37x43: 38 36 48 42 41 40
38x46: 29 29 32 33 36 21
41x44: 47 38 46 56 43 47
49x44: 40 35 36 33 31 49
43x43: 50 48 40 48 46 53
49x48: 37 32 48 60 44 35
45x44: 28 37 25 48 40 32
36x35: 27 31 38 30 33 36
43x45: 52 48 57 44 57 41
39x38: 23 24 34 23 27 25
47x50: 62 51 51 68 70 63
35x43: 39 38 36 40 38 41
50x47: 37 32 37 38 50 46
47x45: 45 41 28 45 33 33
44x48: 40 25 32 41 44 41
38x41: 26 32 22 24 27 24
40x39: 26 25 23 26 36 32
36x50: 30 31 32 30 35 34
41x45: 37 34 33 26 25 39
50x46: 61 56 50 75 57 54
37x44: 41 53 27 45 41 44
46x38: 71 39 45 35 48 30
46x42: 44 66 52 45 44 44
39x41: 40 45 45 36 40 40
45x41: 49 56 44 44 51 40
36x46: 46 46 53 39 32 35
35x46: 23 22 31 24 37 28
38x49: 29 32 28 34 35 34
37x43: 23 27 29 38 27 23
49x42: 64 51 57 45 48 50
45x39: 42 44 45 45 52 44
40x40: 37 42 40 43 35 49
40x47: 37 34 29 29 34 31
36x44: 22 27 35 25 29 29
45x45: 55 66 37 52 42 58
44x50: 44 67 59 57 53 58
41x46: 30 40 32 31 28 34
36x39: 45 32 33 33 33 40
40x46: 34 24 33 31 36 37
38x42: 26 28 32 23 27 32
46x40: 39 32 37 36 24 26
43x35: 45 37 40 35 42 33
44x38: 29 28 27 29 28 27
35x42: 21 24 25 32 23 29
48x36: 36 29 34 31 26 36
39x49: 48 49 55 50 47 44
36x35: 17 17 17 35 25 20
49x40: 52 57 44 49 51 49
36x36: 33 28 18 19 21 24
37x45: 38 26 26 35 29 26
36x50: 33 28 31 34 31 34
40x46: 48 48 46 43 53 47
35x45: 28 29 27 20 32 29
35x42: 35 29 43 37 41 43
39x49: 31 41 38 34 35 28
41x44: 52 47 42 40 49 49
42x50: 22 48 37 37 39 40
41x45: 37 33 29 34 28 33
40x36: 46 36 34 32 32 41
50x48: 42 35 43 41 52 42
50x46: 65 50 67 55 59 58
39x47: 32 37 43 38 21 23
40x42: 39 45 36 47 51 43
42x36: 40 30 32 44 43 46
36x36: 24 26 36 20 25 13
35x49: 31 48 40 50 42 54
44x37: 47 41 38 47 44 33
36x37: 22 25 20 31 24 22
43x42: 37 37 36 23 34 28
49x37: 44 35 52 44 46 60
50x46: 45 44 35 44 42 30
44x39: 41 44 44 40 54 44
37x50: 32 41 31 26 26 36
35x42: 33 48 40 30 42 34
48x44: 26 33 37 36 52 39
37x38: 40 35 41 30 29 40
35x38: 30 34 31 36 42 34
43x44: 52 44 47 43 63 46
39x50: 44 55 52 52 56 42
46x50: 47 41 45 38 34 35
48x43: 44 40 38 36 27 39
39x47: 33 50 31 23 29 28
38x46: 36 30 35 26 18 34
48x43: 51 59 55 50 44 57
36x40: 31 28 28 30 17 22
40x49: 59 44 60 49 39 47
49x50: 47 33 40 43 49 43
36x35: 38 15 17 16 23 23
44x37: 37 37 39 41 42 57
46x43: 38 38 24 39 36 35
43x49: 55 55 65 48 51 49
49x45: 42 37 42 36 41 42
48x38: 43 41 55 47 46 49
44x42: 49 47 48 49 34 55
48x46: 62 63 59 51 46 56
39x45: 47 40 45 46 48 45
42x38: 37 31 45 40 49 47
36x40: 28 35 41 38 37 44
35x49: 24 29 24 32 36 31
48x37: 28 28 26 40 40 30
41x50: 56 47 44 64 54 51
47x35: 29 29 31 35 16 25
35x47: 32 21 26 28 25 33
48x48: 64 40 59 75 55 61
37x38: 22 25 22 24 24 26
40x49: 39 32 42 29 31 35
49x40: 53 55 37 49 62 49
47x40: 19 37 51 23 30 35
47x46: 60 63 47 61 58 43
36x47: 47 42 45 34 40 53
42x36: 41 39 35 38 36 44
36x48: 44 41 47 45 37 51
47x48: 60 59 60 59 63 46
48x44: 43 35 38 38 31 38
50x39: 51 58 47 50 42 50
41x44: 45 48 41 52 53 40
41x48: 45 40 53 55 66 48
35x45: 22 30 24 36 26 26
41x37: 42 44 38 26 46 40
45x38: 55 39 48 47 38 33
49x50: 36 48 41 54 37 39
42x42: 50 52 37 41 45 47
42x46: 28 37 34 36 40 34
41x47: 34 42 37 38 23 21
48x35: 37 30 27 29 27 26
39x38: 38 19 24 34 22 18
50x39: 31 44 34 33 39 27
39x46: 51 41 45 41 51 49
50x36: 45 45 52 51 42 40
47x39: 31 32 41 23 38 30
44x43: 41 46 54 48 48 55
42x46: 39 34 30 33 39 35
35x46: 29 27 31 34 21 22
44x35: 40 33 28 47 51 42
39x43: 50 40 42 44 40 41
49x36: 49 44 45 47 44 42
48x39: 53 44 46 52 42 50
40x39: 40 36 41 37 49 40
47x50: 41 47 45 43 31 32
36x50: 55 42 45 49 38 46
35x50: 36 30 25 29 25 30
37x40: 24 15 27 35 21 34
44x35: 24 28 32 24 20 25
47x48: 46 38 38 34 40 44
49x49: 43 47 34 44 43 45
50x47: 40 52 42 40 36 29
37x40: 38 41 34 37 36 42
42x39: 22 23 26 37 35 38
38x45: 34 26 36 30 36 18
45x35: 52 42 33 39 36 39
46x36: 34 20 31 34 29 32
40x35: 37 25 37 41 46 32
48x41: 37 31 26 30 33 50
42x45: 50 53 44 35 59 54
47x48: 59 49 60 62 66 53
49x39: 39 41 61 46 55 55
41x48: 63 43 42 55 44 55
43x42: 34 44 52 53 42 53
38x48: 25 36 30 34 32 35
48x41: 39 32 35 30 32 40
48x47: 36 53 34 40 40 37
47x44: 44 46 55 45 69 66
35x50: 49 41 45 47 45 42
45x48: 44 36 46 32 39 42
40x35: 31 41 36 40 36 31
48x44: 43 70 49 55 47 60
43x40: 30 34 27 31 35 25
35x35: 24 14 16 24 21 22
44x37: 40 41 45 45 36 42
41x50: 64 50 44 57 54 46
42x45: 35 38 36 41 28 32
46x46: 56 58 55 48 43 64
37x37: 38 32 35 35 40 32
38x44: 34 28 22 33 26 25
39x48: 51 44 52 43 55 45
50x40: 32 31 35 44 31 35
38x46: 40 63 44 42 42 36
35x46: 27 34 30 29 22 23
39x49: 32 38 32 28 47 31
41x35: 29 38 39 35 48 35
43x39: 39 45 38 48 50 40
40x47: 21 35 44 39 33 22
39x47: 42 37 51 46 50 59
47x50: 70 52 65 54 60 61
44x50: 40 36 37 42 37 32
50x37: 29 31 25 30 44 33
36x42: 33 22 26 33 23 30
41x46: 48 54 47 47 49 45
38x50: 47 38 59 58 47 42
46x46: 46 44 27 38 30 39
38x45: 33 19 27 32 32 36
48x37: 39 46 45 51 47 46
35x46: 21 30 40 23 25 25
39x39: 34 34 41 36 45 47
40x37: 41 40 31 40 44 33
50x35: 46 39 45 46 49 46
40x46: 34 36 28 31 36 29
45x50: 44 24 40 48 39 44
47x45: 50 59 47 59 55 56
37x38: 16 23 25 31 30 19
42x36: 32 25 27 25 27 31
38x39: 33 18 23 23 19 39
48x45: 33 51 39 30 47 39
44x39: 27 30 34 27 29 34
49x46: 58 57 69 68 48 42
37x50: 36 44 56 51 51 48
39x44: 47 41 44 45 42 45
36x41: 21 26 27 17 29 36
46x38: 47 50 37 45 48 43
49x50: 74 51 70 68 56 55
41x50: 47 55 60 53 46 53
46x49: 58 72 44 54 53 66
43x37: 30 29 27 22 22 38
39x39: 37 56 30 31 47 35
38x36: 46 40 14 39 42 31
38x37: 21 20 29 28 21 24
50x42: 30 46 27 47 41 33
40x36: 28 22 30 27 25 24
48x43: 38 33 36 35 42 39
46x44: 39 34 32 32 33 39
50x47: 47 39 30 43 39 41
46x37: 29 27 30 28 39 26
43x38: 33 26 26 30 27 25
45x49: 47 37 36 40 42 38
35x42: 47 38 43 30 35 32
36x48: 38 42 46 56 36 46
37x42: 25 29 24 27 26 36
42x46: 30 36 37 27 36 44
35x35: 27 32 33 29 27 41
44x38: 43 54 35 44 49 33
48x40: 58 59 36 41 49 53
50x48: 70 56 62 64 64 53
50x47: 30 38 39 44 50 39
35x46: 47 39 45 35 43 39
48x49: 39 50 36 42 37 52
46x46: 51 58 53 47 59 60
41x47: 31 28 32 36 34 34
41x35: 30 30 39 44 39 40
50x37: 42 40 58 42 57 49
46x46: 47 54 48 67 53 57
36x36: 21 34 40 38 41 27
36x49: 57 51 37 44 26 52
47x46: 52 49 64 50 61 59
35x45: 37 38 43 38 38 49
46x46: 34 30 42 46 39 34
47x49: 73 70 50 52 53 54
50x37: 26 32 28 39 34 32
46x39: 28 28 37 34 30 37
48x47: 61 62 57 52 56 59
36x45: 29 35 23 27 35 30
45x35: 28 33 33 22 30 19
40x39: 37 18 33 21 22 38
41x39: 44 38 36 42 40 47
50x37: 40 32 32 36 27 25
43x41: 29 25 27 35 39 26
37x38: 32 34 41 29 31 50
37x35: 30 38 38 25 34 35
46x41: 37 33 23 36 32 33
45x39: 49 38 46 45 46 47
37x40: 22 25 25 24 32 27
41x44: 28 30 36 36 27 24
48x37: 30 30 29 34 32 37
43x50: 35 39 41 41 34 33
40x36: 41 27 29 39 45 44
48x43: 46 67 56 37 53 60
41x37: 41 39 33 35 32 54
40x50: 37 35 36 31 36 33
49x36: 31 42 33 31 38 17
47x50: 40 42 37 40 38 42
41x42: 50 51 39 43 49 33
49x47: 63 62 45 70 58 56
39x48: 49 47 41 44 60 51
37x38: 20 19 27 27 21 29
47x44: 47 64 59 49 57 42
43x35: 26 18 36 21 20 32
47x49: 51 64 57 65 50 66
44x36: 37 33 44 40 50 43
49x36: 49 57 44 43 40 36
35x44: 19 29 28 22 30 26
48x46: 33 36 42 41 42 45
48x45: 60 49 53 69 42 56
41x45: 56 41 52 47 41 45
40x38: 50 38 40 29 33 43
44x41: 52 48 41 50 42 43
44x44: 33 37 37 23 32 34
42x47: 54 42 52 53 56 48
44x39: 40 46 43 46 46 44
46x44: 59 51 47 63 36 51
35x49: 51 39 44 51 35 41
38x42: 42 41 36 48 44 35
42x40: 35 21 25 40 27 34
43x46: 44 63 47 54 47 48
37x37: 17 33 22 27 26 19
43x40: 56 48 43 35 39 42
44x36: 30 43 47 49 36 37
38x38: 16 26 37 25 20 20
38x38: 37 32 40 37 44 34
37x48: 31 33 36 32 25 34
50x42: 46 59 45 52 69 57
42x47: 32 40 32 31 45 30
46x39: 33 46 51 53 50 44
35x39: 40 28 37 39 32 33
48x48: 51 49 61 73 69 54
44x38: 41 44 51 37 42 42
40x42: 41 47 39 41 52 41
50x45: 32 51 49 41 25 41
48x39: 35 34 42 28 37 32
50x46: 40 43 30 36 50 41
49x37: 22 27 29 41 42 31
37x37: 38 32 37 35 37 32
39x48: 50 48 44 55 46 44
50x42: 56 49 59 60 48 49
44x47: 43 53 67 60 54 40
36x46: 33 25 34 32 31 24
44x48: 52 60 58 36 65 58
41x44: 40 46 56 33 61 46
37x38: 35 40 35 26 41 42
41x44: 49 48 50 39 31 58
36x50: 37 31 31 27 35 31
39x47: 43 59 44 36 44 57
47x44: 28 35 46 31 36 33
36x47: 31 42 28 24 22 32
48x39: 32 40 35 28 30 42
45x47: 47 61 51 63 61 43
37x43: 36 44 48 32 37 48
39x40: 29 33 31 18 26 31
45x44: 61 57 40 45 52 50
45x45: 32 27 38 44 44 40
40x40: 19 30 37 26 27 30
36x39: 32 21 25 29 21 27
50x47: 46 60 72 52 68 67
43x44: 50 43 43 47 64 49
35x40: 17 19 28 22 23 33
49x42: 54 56 51 52 48 55
45x40: 36 34 29 38 26 31
40x47: 60 40 44 48 57 42
36x36: 30 35 28 36 30 41
35x42: 34 43 37 38 35 39
44x41: 52 46 33 50 43 54
42x44: 44 57 47 43 50 44
36x38: 27 28 27 22 22 17
44x50: 57 48 60 56 54 64
35x41: 37 40 41 31 39 33
35x42: 38 33 32 51 32 39
44x44: 48 51 49 40 61 53
41x49: 59 45 67 43 38 54
45x49: 39 46 36 45 34 40
49x48: 44 39 35 52 49 37
50x36: 23 40 32 25 32 40
42x43: 27 34 24 25 40 45
48x48: 58 68 60 47 74 51
38x45: 27 21 32 38 36 25
42x48: 39 32 28 42 37 46
46x45: 55 57 60 42 49 55
38x50: 54 51 46 53 36 49
39x40: 24 31 28 24 29 32
49x35: 41 48 53 36 44 42
44x49: 39 38 45 36 32 34
36x40: 28 40 35 45 38 36
47x50: 47 58 57 74 67 61
39x44: 44 46 36 52 45 41
50x39: 56 44 49 49 45 57
47x37: 34 28 28 28 29 32
49x43: 32 37 32 42 39 42
36x35: 17 20 23 25 21 25
47x42: 59 44 43 47 66 49
44x41: 38 47 40 55 53 47
37x47: 47 45 39 53 39 43
38x35: 27 31 26 38 45 42
37x49: 46 37 40 47 60 54
49x49: 71 52 61 57 65 65
35x36: 29 32 33 34 31 35
35x46: 24 31 32 23 25 29
42x41: 45 41 39 50 46 45
46x41: 32 36 22 39 31 34
42x48: 52 48 53 59 49 48
46x37: 39 36 53 49 50 36
47x46: 66 49 60 60 51 44
49x43: 54 49 47 62 60 54
38x40: 36 21 31 24 20 24
50x50: 63 65 59 58 65 77
36x37: 20 25 17 24 28 29
35x35: 23 18 24 15 21 20
47x44: 59 51 47 51 59 53
47x41: 37 31 31 34 31 30
38x44: 28 30 32 31 21 26
41x39: 38 44 44 39 40 41
40x38: 24 30 25 25 25 27
49x42: 30 36 48 37 29 44
43x42: 47 43 50 48 49 41
49x49: 58 59 62 54 68 72
44x40: 34 38 39 24 25 21
38x39: 35 39 41 33 39 42
45x47: 54 51 55 58 56 52
49x36: 40 33 25 32 31 31
48x42: 56 49 53 52 58 43
47x46: 50 52 54 57 64 59
35x45: 28 30 29 27 23 28
48x41: 31 48 34 32 37 26
41x41: 25 26 28 26 40 23
48x41: 43 47 61 47 52 54
48x50: 41 36 41 35 42 61
37x48: 43 46 44 47 58 38
48x43: 58 53 49 58 55 44
47x45: 48 46 56 64 65 49
42x47: 45 48 47 66 41 55
39x46: 35 33 24 28 39 36
41x41: 50 41 37 46 46 39
46x44: 47 48 49 56 59 55
46x38: 30 27 29 31 35 27
41x35: 38 42 31 32 44 36
38x43: 52 36 50 32 41 40
42x41: 41 39 41 49 48 49
43x40: 32 25 33 28 27 36
40x49: 24 28 40 39 38 38
45x50: 35 27 46 47 35 49
41x48: 56 56 43 52 48 47
42x48: 54 42 50 50 55 62
38x43: 36 34 28 23 27 20
44x39: 37 20 40 28 28 28
46x37: 34 55 48 39 39 46
41x48: 28 34 28 38 44 35
50x38: 31 34 40 31 33 22
47x48: 43 41 36 44 33 42
50x42: 58 34 57 62 66 49
50x45: 55 43 63 61 70 58
40x40: 46 44 39 43 34 38
46x38: 48 47 48 44 45 36
50x38: 50 42 49 54 38 58
36x36: 36 24 27 48 24 39
41x36: 15 32 19 31 35 23
41x48: 33 34 39 37 29 36
40x38: 19 23 29 24 39 22
49x36: 41 46 42 48 50 46
42x48: 51 57 59 45 53 45
35x50: 27 30 29 36 30 24
35x37: 20 19 22 25 19 26
50x41: 58 62 54 48 43 47
38x38: 27 17 24 27 26 23
35x50: 39 43 53 46 36 51
50x38: 32 39 29 24 36 31
49x38: 57 55 51 47 38 34
38x45: 33 30 27 39 24 27
47x46: 28 45 31 46 38 37
36x48: 35 35 41 60 55 43
44x47: 69 52 47 49 50 50
38x37: 31 20 25 24 20 24
39x48: 35 27 32 30 36 47
40x50: 57 44 48 55 50 54
49x41: 30 31 41 34 39 32
48x50: 35 44 36 53 49 39
44x45: 43 39 41 32 29 26
36x40: 24 23 28 25 27 28
39x46: 23 40 23 34 42 32
45x43: 34 40 38 32 33 33
35x36: 22 20 22 20 22 25
39x42: 47 43 45 38 44 35
35x39: 26 28 27 17 17 27
42x43: 32 29 44 24 35 32
43x37: 25 26 37 23 32 24
35x50: 33 36 24 35 23 25
46x36: 34 45 52 51 42 29
45x46: 50 56 51 62 55 44
50x37: 35 29 36 28 34 30
45x48: 30 43 37 50 41 38
43x49: 42 37 37 40 35 33
45x48: 53 49 61 46 62 65
39x42: 44 33 40 47 49 41
36x43: 48 31 35 39 43 44
39x49: 46 36 56 46 58 56
37x39: 39 37 40 37 45 25
50x47: 49 59 69 53 67 68
46x41: 50 57 52 41 45 44
50x35: 31 27 26 38 23 30
41x42: 28 22 36 33 29 34
49x50: 38 52 41 45 44 36
43x35: 17 27 27 25 29 29
49x48: 56 52 69 66 62 57
40x42: 33 30 25 37 31 26
37x40: 23 25 24 32 20 32
37x50: 35 36 27 30 35 28
49x46: 54 57 72 52 55 56
47x37: 43 44 50 41 44 46
37x44: 29 29 36 19 34 21
35x44: 21 27 26 21 32 27
36x42: 42 40 30 40 42 40
50x37: 49 52 35 61 49 38
41x42: 46 49 44 39 43 44
44x42: 34 23 38 38 38 25
40x38: 45 37 37 38 28 47
47x38: 39 33 25 22 25 35
41x48: 49 53 60 46 49 45
44x44: 49 48 53 48 55 46
44x40: 26 23 23 32 38 39
39x35: 36 32 27 44 38 34
46x49: 52 67 60 66 53 46
40x35: 31 21 20 24 16 30
43x46: 60 47 53 45 54 46
41x45: 28 36 34 34 28 34
40x46: 40 54 47 42 50 52
41x49: 55 49 46 54 47 58
35x44: 28 30 26 24 24 22
36x38: 33 41 33 43 27 31
48x48: 58 67 50 62 62 56
50x46: 67 62 59 45 60 62
42x48: 35 34 39 52 38 26
45x40: 51 45 46 44 45 46
40x36: 24 22 35 29 24 22
37x39: 35 26 46 43 37 35
42x38: 40 38 49 31 41 48
49x47: 48 41 44 31 35 40
38x50: 51 50 34 56 52 51
50x43: 37 42 45 34 35 31
45x43: 51 53 46 53 55 40
48x47: 44 46 38 45 30 36
50x43: 42 54 64 59 47 64
40x40: 51 36 39 38 44 39
35x47: 36 46 52 39 45 35
46x49: 63 59 46 59 64 58
46x38: 41 43 44 47 52 44
46x43: 59 46 61 41 46 50
37x50: 28 30 26 49 28 31
37x48: 49 44 53 40 45 42
36x38: 40 33 30 35 28 44
37x38: 21 29 26 26 27 15
40x37: 22 30 22 29 23 29
50x41: 33 33 41 30 40 31
45x48: 36 38 39 51 34 41
46x50: 28 54 41 31 40 45
40x36: 33 28 23 26 26 19
50x48: 67 58 49 66 58 72
40x41: 33 32 26 25 32 21
36x40: 42 30 43 40 28 36
49x49: 62 67 65 57 56 61
50x47: 66 69 47 54 55 71
44x40: 47 46 36 40 50 55
41x50: 41 55 55 65 49 49
46x44: 30 48 35 33 43 21
49x36: 38 24 38 32 29 30
44x40: 27 29 46 28 21 30
45x46: 32 49 38 34 36 36
44x39: 42 45 51 38 47 42
35x37: 34 35 29 27 35 41
35x48: 58 42 36 39 41 42
48x40: 35 54 57 37 54 62
39x45: 55 37 50 39 45 44
36x43: 28 27 29 30 27 27
48x44: 33 48 31 37 36 39
45x38: 44 45 41 47 32 52
49x42: 36 39 41 36 33 39
49x35: 26 36 25 24 38 27
44x42: 51 43 46 40 51 56
45x40: 31 24 28 32 34 46
39x36: 29 25 27 31 22 22
38x49: 35 32 29 26 33 36
40x39: 34 43 40 38 38 48
44x36: 40 50 36 36 35 46
36x46: 40 50 49 38 43 34
43x42: 46 51 46 48 45 41
36x48: 38 52 52 40 41 42
38x39: 27 31 22 30 25 21
35x36: 19 31 21 20 20 21
46x40: 30 30 37 28 46 23
38x37: 44 41 26 31 42 34
50x36: 50 36 53 53 45 39
42x35: 33 39 46 35 37 36
38x41: 27 24 23 26 22 34
44x35: 37 43 44 39 36 37
50x46: 62 48 68 54 72 53
49x37: 52 48 36 56 56 32
43x42: 23 43 31 34 29 35
36x41: 29 30 22 27 23 24
46x41: 44 47 38 61 42 58
38x50: 31 34 32 31 33 30
45x45: 49 47 60 53 47 55
46x37: 54 41 48 42 36 38
36x43: 26 32 29 32 20 28
50x44: 54 61 48 67 49 58
49x36: 36 40 43 47 50 59
38x48: 45 42 55 50 45 43
49x47: 39 43 38 41 39 40
42x45: 44 37 46 58 50 58
43x44: 30 34 28 33 29 42
35x40: 19 21 31 24 23 24
38x41: 41 35 40 41 36 47
45x37: 43 37 49 39 44 45
40x41: 27 30 22 30 37 22
41x50: 72 45 52 38 51 58
46x43: 50 45 48 63 39 57
38x37: 23 24 19 28 24 26
47x49: 39 31 48 42 43 36
47x47: 32 33 42 40 34 43
50x41: 34 32 26 32 45 39
38x42: 25 37 20 35 27 23
44x43: 42 56 57 41 43 51
37x42: 33 38 50 29 45 47
40x38: 37 40 39 43 35 39
50x38: 50 53 58 38 44 48
50x38: 37 30 32 32 32 28
39x45: 40 36 32 34 24 29
46x42: 47 43 57 49 61 43
41x39: 22 29 30 27 29 32
39x49: 46 38 58 60 41 49
35x41: 27 50 34 42 29 37
38x45: 41 50 45 43 45 39
36x47: 23 35 34 29 27 31
46x38: 29 25 27 37 31 31
40x37: 33 27 22 28 24 22
43x41: 48 40 46 43 50 46
46x43: 45 43 55 45 50 69
44x40: 21 33 28 33 35 31
48x50: 62 60 58 57 62 72
36x39: 28 27 33 12 28 27
49x36: 50 50 43 37 47 45
49x36: 32 29 25 37 32 36
48x44: 36 40 41 22 45 39
42x36: 39 46 27 36 43 44
45x36: 46 42 29 37 44 54
38x39: 40 36 35 39 47 33
36x40: 41 39 30 44 26 39
47x50: 30 48 30 29 50 53
39x46: 38 44 35 56 58 49
42x36: 45 33 38 43 31 41
39x49: 54 47 52 51 44 44
42x39: 44 49 41 35 36 46
45x50: 59 42 60 64 67 57
50x44: 55 52 59 66 47 57
49x46: 34 35 40 42 38 50
43x46: 42 58 58 59 38 45
36x45: 22 35 38 35 22 27
37x35: 19 22 24 24 18 24
38x43: 34 41 37 53 53 36
46x40: 45 40 52 50 50 47
40x46: 51 65 52 38 32 40
42x41: 27 27 32 33 28 34
49x35: 37 42 40 46 55 48
35x39: 32 31 40 32 28 47
40x35: 26 28 19 26 25 18
46x50: 64 61 55 60 51 61
48x48: 55 62 65 57 51 63
49x35: 23 32 29 33 26 32
42x47: 45 37 23 31 36 38
46x48: 58 59 64 55 54 48
50x35: 42 42 48 40 52 48
50x42: 34 38 40 37 34 41
49x39: 31 34 31 39 36 36
44x50: 54 48 52 75 56 53
44x44: 31 42 21 40 33 29
39x38: 28 47 41 36 36 40
48x45: 42 32 43 54 36 32
36x50: 47 55 47 39 48 41
36x35: 34 27 28 39 35 32
42x43: 32 31 30 38 32 32
38x45: 43 38 39 49 59 39
48x48: 55 45 76 52 69 61
38x38: 36 50 32 34 32 37
43x42: 28 40 33 32 25 38
45x42: 55 44 51 48 41 50
46x43: 39 33 32 41 38 27
40x46: 48 56 50 40 44 44
36x43: 34 33 51 32 46 45
47x37: 23 36 30 31 32 27
43x40: 44 50 38 52 46 34
36x40: 28 35 41 38 45 37
45x46: 48 54 62 43 49 63
38x41: 28 25 26 32 18 26
38x37: 18 20 19 31 25 30
37x45: 45 49 41 40 43 38
36x50: 41 29 34 27 21 39
44x48: 37 42 34 44 29 37
39x41: 26 30 24 33 30 25
48x47: 45 33 36 44 48 33
49x44: 55 63 57 54 58 44
50x36: 46 46 37 49 49 52
48x50: 70 64 63 47 61 65
35x46: 22 32 27 20 28 35
47x38: 24 24 33 31 40 27
40x48: 44 34 24 35 35 35
38x45: 40 21 27 27 32 33
48x39: 33 33 34 36 32 39
49x48: 65 52 77 51 68 50
49x38: 36 40 39 26 24 27
46x50: 61 66 52 53 60 63
37x48: 45 41 53 44 49 42
46x43: 44 36 31 29 35 34
47x37: 40 42 35 52 47 54
50x42: 45 53 59 54 48 64
37x44: 41 33 39 51 53 36
39x37: 38 46 37 33 30 36
48x39: 50 51 36 64 49 37
47x39: 39 53 42 58 48 42
43x37: 38 44 44 40 44 35
35x47: 36 25 26 25 23 30
39x49: 59 39 48 50 46 52
36x46: 27 29 29 44 23 28
35x41: 39 36 36 35 34 41
39x43: 27 25 28 31 32 39
50x36: 32 34 17 26 40 43
40x46: 54 43 40 57 51 38
46x42: 53 43 53 44 46 59
47x36: 38 37 51 47 38 49
35x37: 21 26 28 14 18 24
40x38: 27 26 26 20 31 26
39x41: 33 30 53 48 39 43
40x36: 29 29 27 21 27 23
38x35: 30 20 22 17 24 18
49x36: 28 32 35 37 33 26
46x42: 57 50 45 53 48 43
42x38: 28 38 23 28 27 24
39x42: 34 34 43 44 51 50
37x45: 23 30 39 18 32 37
40x36: 40 32 37 42 35 35
45x50: 53 61 68 49 42 71
43x39: 28 39 21 40 34 20
38x46: 28 27 33 26 34 32
41x47: 49 50 34 53 50 63
49x45: 46 25 46 40 47 36
48x39: 43 38 46 52 69 46
45x36: 39 44 40 43 43 41
41x43: 49 39 54 41 49 40
35x50: 32 39 19 22 35 29
47x50: 42 43 42 50 34 28
39x46: 26 42 36 24 37 30
46x47: 65 40 58 45 54 73
48x39: 49 44 50 36 69 46
36x50: 37 44 55 47 50 45
46x39: 42 32 33 31 30 26
40x41: 21 21 36 33 32 25
41x41: 43 46 42 44 57 29
39x47: 28 32 36 32 35 32
40x36: 34 30 49 32 40 38
39x41: 41 38 43 38 36 50
36x47: 30 54 44 47 54 33
40x39: 29 33 30 18 26 33
42x37: 37 24 29 31 24 23
36x45: 33 31 27 21 34 34
48x37: 33 21 31 39 29 38
38x45: 25 26 32 34 35 28
50x46: 67 62 52 54 52 66
37x44: 37 35 42 47 43 48
45x49: 52 26 43 40 45 33
48x37: 49 49 47 37 41 50
39x40: 26 23 26 28 37 28
45x42: 41 46 43 50 58 57
50x50: 63 60 55 66 59 83
37x37: 27 24 19 21 27 25
40x40: 50 46 37 35 35 42
46x40: 54 37 48 45 52 49
38x45: 55 49 45 39 37 35
46x39: 31 35 35 28 33 32
44x46: 46 49 55 53 60 51
39x49: 30 32 30 38 37 40
48x35: 35 40 47 37 49 54
42x49: 50 57 59 45 47 58
49x44: 29 39 31 47 38 39
42x39: 39 47 42 41 35 47
39x48: 37 40 25 35 27 43
38x35: 18 23 17 22 17 35
50x39: 39 56 50 54 54 48
42x46: 48 44 52 47 44 63
39x36: 17 21 22 30 32 34
42x39: 33 23 30 32 33 31
37x44: 42 37 47 43 46 36
45x43: 29 45 41 30 28 37
39x41: 33 50 35 40 45 45
44x39: 45 48 51 39 38 41
48x46: 58 68 50 58 53 51
40x47: 45 41 49 46 58 54
37x40: 22 31 16 22 41 23
49x37: 25 26 34 31 32 43
50x38: 47 48 50 56 45 45
42x35: 31 18 33 18 26 28
42x38: 38 40 44 39 44 42
37x35: 31 37 38 30 32 31
42x35: 34 44 36 41 27 42
36x42: 32 22 27 28 23 35
42x46: 37 33 34 26 49 30
48x46: 60 52 61 57 60 50
44x38: 18 29 26 31 25 39
50x46: 66 57 63 54 49 63
35x44: 29 26 32 18 26 22
44x39: 49 33 41 44 45 54
41x46: 60 41 54 54 37 40
43x50: 53 62 51 58 51 55
38x48: 49 43 47 42 53 49
50x41: 44 50 57 64 48 51
47x42: 48 39 45 71 45 55
49x42: 44 42 58 58 68 51
37x46: 36 45 49 45 54 35
43x39: 38 43 37 43 48 52
49x40: 45 36 37 28 30 31
41x42: 34 47 53 60 29 37
46x44: 40 33 35 36 28 37
42x45: 42 43 55 55 54 43
49x40: 50 49 48 51 54 51
45x37: 48 36 30 50 50 45
50x48: 64 66 65 47 53 74
48x45: 37 40 47 42 35 39
40x45: 51 48 39 57 44 36
40x35: 37 37 33 43 26 37
45x40: 36 34 28 33 31 33
41x41: 27 30 35 19 28 29
41x38: 20 29 35 25 29 17
48x37: 21 34 27 46 39 24
37x36: 31 37 34 34 45 26
48x45: 54 58 55 65 49 49
43x38: 29 51 54 37 42 38
49x35: 28 30 32 36 17 33
39x43: 60 45 44 32 44 32
38x35: 42 31 32 37 28 33
48x37: 29 31 31 31 36 33
44x46: 52 51 55 46 50 58
47x50: 60 64 57 56 63 63
38x35: 35 30 34 32 35 40
35x41: 36 46 33 36 28 40
35x39: 33 38 37 32 39 32
45x45: 33 39 42 42 33 35
46x50: 64 53 66 58 62 51
46x36: 40 39 52 45 41 37
37x50: 50 39 53 55 42 44
42x46: 27 33 28 31 42 49
37x43: 30 23 27 26 29 32
39x38: 28 39 46 35 39 42
41x41: 35 40 47 50 43 44
41x47: 46 51 57 49 51 42
36x48: 44 53 41 44 36 46
39x39: 23 22 31 29 32 31
45x37: 27 33 24 32 32 32
42x48: 56 55 43 56 59 42
46x43: 49 60 53 47 48 46
43x38: 44 35 46 46 41 39
48x44: 43 31 32 38 44 36
40x41: 28 29 28 33 22 28
41x45: 46 40 52 49 55 44
42x36: 48 39 39 24 34 49
42x47: 50 49 52 56 50 46
49x44: 50 55 50 67 57 53
44x40: 31 32 22 29 33 34
49x43: 57 56 51 60 59 41
39x38: 17 23 31 29 24 31
38x42: 22 42 18 26 37 23
39x37: 35 43 35 30 30 49
